4 4 2 
10 13 4 11 
54 13 
0 8 18 16 8 20 19 18 18 18 10 16 20 17 14 5 14 
8 0 9 11 1 12 13 13 11 10 6 10 12 11 10 3 6 
18 9 0 11 9 3 10 11 8 1 11 9 5 9 13 12 4 
16 11 11 0 10 9 2 1 3 10 6 1 9 2 3 12 7 
8 1 9 10 0 11 11 11 10 10 5 8 12 9 8 3 6 
20 12 3 9 11 0 8 9 6 2 12 8 1 7 12 15 5 
19 13 10 2 11 8 0 1 2 9 8 2 7 1 6 14 7 
18 13 11 1 11 9 1 0 3 10 8 2 8 2 5 14 7 
18 11 8 3 10 6 2 3 0 7 8 2 5 1 6 13 5 
18 10 1 10 10 2 9 10 7 0 11 9 4 8 12 13 4 
10 6 11 6 5 12 8 8 8 11 0 5 12 7 4 6 6 
16 10 9 1 8 8 2 2 2 9 5 0 7 1 4 11 5 
20 12 5 9 12 1 7 8 5 4 12 7 0 7 11 15 6 
17 11 9 2 9 7 1 2 1 8 7 1 7 0 5 12 5 
14 10 13 3 8 12 6 5 6 12 4 4 11 5 0 10 8 
5 3 12 12 3 15 14 14 13 13 6 11 15 12 10 0 9 
14 6 4 7 6 5 7 7 5 4 6 5 6 5 8 9 0 
